0.1
0.1
0.1
0.1
0.1
0.1
0.1
0.1
0.1
0.1
0.1
0.1
0.1
0.1
0.1
0.1
0.1
0.1
0.1
0.1
0.1
0.1
0.1
0.1
0.1
0.1
0.1
0.1
0.1
0.1
0.1
0.1
0.1
0.1
0.1
0.1
0.1
0.1
0.1
0.1
0.1
0.1
0.1
0.1
0.1
0.1
0.1
0.1
0.1
0.1
0.1
0.1
0.1
0.1
0.1
0.1
0.1
0.1
0.1
0.1
0.1
0.1
0.1
0.1
0.1
0.1
0.1
0.1
0.1
0.1
0.1
0.1
0.1
0.1
0.1
0.1
0.1
0.1
0.1
0.1
0.1
0.1
0.1
0.1
0.1
0.1
0.1
0.1
0.1
0.1
0.1
0.1
0.1
0.1
0.1
0.1
0.1
0.1
0.1
0.1
0.1
0.1
0.1
0.1
0.1
0.1
0.1
0.1
0.1
0.1
0.1
0.1
0.1
0.1
0.1
0.1
0.1
0.1
0.1
0.1
0.1
0.1
0.1
0.1
0.1
0.1
0.1
0.1
0.1
0.1
0.1
0.1
0.1
0.1
0.1
0.1
0.1
0.1
0.1
0.1
0.1
0.1
0.1
0.1
0.1
0.1
0.1
0.1
0.1
0.1
0.1
0.1
0.1
0.1
0.1
0.1
0.1
0.1
0.1
0.1
0.1
0.1
0.1
0.1
0.1
0.1
0.1
0.1
0.1
0.1
0.1
0.1
0.1
0.1
0.1
0.1
0.1
0.1
0.1
0.1
0.1
0.1
0.1
0.1
0.1
0.1
0.1
0.1
0.1
0.1
0.1
0.1
0.1
0.1
0.1
0.1
0.1
0.1
0.1
0.1
0.1
0.1
0.1
0.1
0.1
0.1
0.1
0.1
0.1
0.1
0.1
0.1
0.1
0.1
0.1
0.1
0.1
0.1
0.1
0.1
0.1
0.1
0.1
0.1
0.1
0.1
0.1
0.1
0.1
0.1
0.1
0.1
0.1
0.1
0.1
0.1
0.1
0.1
0.1
0.1
0.1
0.1
0.1
0.1
0.1
0.1
0.1
0.1
0.1
0.09
0.09
0.09
0.09
0.016666666666666666
0.016666666666666666
0.016666666666666666
0.1
0.016666666666666666
0.09
0.015
0.07
0.07
0.01
0.008333333333333333
0.03
0.005
0.005
0.0033333333333333335
0.02
0.02
0.0016666666666666668
0.0016666666666666668
0.0
0.0
-0.0016666666666666668
-0.02
-0.0016666666666666668
-0.0033333333333333335
-0.0033333333333333335
-0.0016666666666666668
-0.005
-0.006666666666666667
-0.006666666666666667
-0.01
-0.01
-0.011666666666666667
-0.013333333333333334
-0.015
-0.015
-0.11
-0.11
-0.11
-0.11
-0.11
-0.018333333333333333
-0.02
-0.02
-0.018333333333333333
-0.018333333333333333
-0.018333333333333333
-0.016666666666666666
-0.016666666666666666
-0.015
-0.015
-0.015
-0.013333333333333334
-0.013333333333333334
-0.013333333333333334
-0.011666666666666667
-0.01
-0.008333333333333333
-0.008333333333333333
-0.74
-0.74
-0.74
-0.74
-0.74
-0.73
-0.73
-0.71
-0.65
0.03
0.29
0.39
0.44
0.54
0.59
0.67
0.73
0.73
0.73
0.72
0.69
0.64
0.61
0.56
0.5
0.47
0.42
0.35
0.32
0.26
0.23
0.16
0.016666666666666666
0.06
0.02
-0.0033333333333333335
-0.03
-0.06
-0.011666666666666667
-0.015
-0.018333333333333333
-0.021666666666666667
-0.025
-0.02666666666666667
-0.02666666666666667
-0.028333333333333332
-0.03
-0.03166666666666667
-0.03166666666666667
-0.03166666666666667
-0.035
-0.035
-0.035
-0.03833333333333333
-0.03833333333333333
-0.04
-0.041666666666666664
-0.041666666666666664
-0.043333333333333335
-0.043333333333333335
-0.045
-0.04666666666666667
-0.04666666666666667
-0.05
-0.04833333333333333
-0.05
-0.051666666666666666
-0.051666666666666666
-0.056666666666666664
-0.056666666666666664
-0.058333333333333334
-0.058333333333333334
-0.058333333333333334
-0.058333333333333334
-0.37
-0.37
-0.37
-0.38
-0.38
-0.38
-0.39
-0.37
-0.33
-0.3
-0.24
-0.2
-0.18
-0.14
-0.09
-0.06
0.01
0.05
0.12
0.21
0.26
0.33
0.39
0.42
0.47
0.51
0.54
0.58
0.59
0.61
0.61
0.61
0.6
0.6
0.57
0.55
0.54
0.52
0.48
0.46
0.42
0.41
0.37
0.35
0.34
0.31
0.29
0.26
0.24
0.23
0.22
0.21
0.21
0.21
0.21
0.21
0.22
0.24
0.27
0.28
0.31
0.33
0.35
0.38
0.39
0.41
0.42
0.44
0.46
0.47
0.48
0.48
0.5
0.51
0.53
0.54
0.56
0.56
0.56
0.56
0.56
0.56
0.56
0.56
0.57
0.55
0.55
0.54
0.54
0.53
0.53
0.51
0.5
0.49
0.47
0.45
0.44
0.42
0.41
0.4
0.4
0.39
0.38
0.38
0.38
0.39
0.38
0.38
0.38
0.37
0.37
0.38
0.38
0.39
0.39
0.39
0.4
0.4
0.065
0.39
0.06333333333333334
0.39
0.4
0.38
0.37
0.38
0.38
0.4
0.42
0.42
0.4
0.4
0.38
0.38
0.37
0.35
0.35
0.33
0.33
0.29
0.29
0.26
0.25
0.22
0.17
0.028333333333333332
0.021666666666666667
0.018333333333333333
0.015
0.011666666666666667
0.006666666666666667
0.0
0.0
0.0
-0.0016666666666666668
-0.0016666666666666668
-0.0016666666666666668
-0.005
-0.005
-0.008333333333333333
-0.01
-0.01
-0.01
0.0
0.0
0.0
0.0
-0.0016666666666666668
-0.01
-0.01
0.0
0.0016666666666666668
0.0
0.0
0.0
0.0
-0.08
0.05
0.01
0.02
0.02
0.02
0.01
0.0033333333333333335
0.0033333333333333335
0.0033333333333333335
0.0033333333333333335
0.005
0.006666666666666667
0.006666666666666667
0.005
0.005
0.005
0.005
0.013333333333333334
0.008333333333333333
0.01
0.01
0.008333333333333333
0.008333333333333333
0.008333333333333333
0.008333333333333333
0.01
0.01
0.008333333333333333
0.008333333333333333
0.008333333333333333
0.008333333333333333
0.008333333333333333
0.008333333333333333
0.008333333333333333
0.006666666666666667
0.006666666666666667
0.006666666666666667
0.006666666666666667
0.04
0.006666666666666667
0.006666666666666667
0.006666666666666667
0.006666666666666667
0.006666666666666667
0.006666666666666667
-0.006666666666666667
0.011666666666666667
0.006666666666666667
0.006666666666666667
0.006666666666666667
0.006666666666666667
0.006666666666666667
0.005
0.03
0.04
0.04
0.04
0.04
0.04
0.03
0.005
0.03
0.03
0.03
0.04
0.04
0.02
0.01
0.0016666666666666668
0.0016666666666666668
0.0
-0.01
-0.01
-0.0016666666666666668
0.0
0.0
0.0
-0.01
-0.01
-0.02
-0.02
-0.02
-0.02
-0.03
-0.04
-0.05
-0.05
-0.04
-0.04
-0.04
-0.006666666666666667
-0.006666666666666667
-0.006666666666666667
-0.005
-0.0033333333333333335
-0.005
-0.005
-0.005
-0.005
-0.005
-0.006666666666666667
0.0016666666666666668
-0.03
-0.005
-0.03
-0.02
-0.0033333333333333335
-0.0016666666666666668
-0.0016666666666666668
-0.02
-0.0016666666666666668
-0.0016666666666666668
-0.0016666666666666668
-0.0016666666666666668
-0.01
0.0
0.0
-0.02
0.03
0.0
0.0
0.0
0.0
0.0
0.01
0.0
0.0033333333333333335
0.0033333333333333335
0.0033333333333333335
0.0033333333333333335
0.0033333333333333335
0.0033333333333333335
0.02
0.0033333333333333335
-0.005
0.005
0.006666666666666667
0.006666666666666667
0.006666666666666667
0.006666666666666667
0.006666666666666667
0.008333333333333333
0.008333333333333333
0.04
0.008333333333333333
0.008333333333333333
0.008333333333333333
0.008333333333333333
0.01
0.008333333333333333
0.008333333333333333
0.01
0.01
-0.0033333333333333335
0.018333333333333333
0.011666666666666667
0.011666666666666667
0.011666666666666667
0.011666666666666667
0.013333333333333334
0.015
0.015
0.015
0.013333333333333334
0.013333333333333334
0.013333333333333334
0.013333333333333334
0.08
0.08
0.09
0.09
0.06
0.13
0.1
0.1
0.1
0.1
0.09
0.016666666666666666
0.016666666666666666
0.08
0.07
0.07
0.011666666666666667
0.01
0.01
0.008333333333333333
0.006666666666666667
-0.005
0.005
0.0033333333333333335
0.0
0.0
-0.0016666666666666668
-0.02
-0.02
-0.03
-0.03
-0.0016666666666666668
-0.0016666666666666668
-0.0033333333333333335
-0.0033333333333333335
-0.0033333333333333335
-0.0033333333333333335
-0.005
-0.005
-0.005
-0.005
-0.05
-0.08
-0.05
-0.06
-0.06
-0.01
-0.011666666666666667
-0.08
-0.08
-0.013333333333333334
-0.01
-0.005
-0.006666666666666667
-0.006666666666666667
-0.006666666666666667
-0.008333333333333333
-0.008333333333333333
-0.008333333333333333
-0.05
-0.04
-0.07
-0.13
-0.05
-0.05
-0.04
-0.04
-0.04
-0.005
-0.0033333333333333335
0.0
0.0
0.0
0.02
0.0033333333333333335
0.02
0.006666666666666667
0.006666666666666667
0.008333333333333333
0.01
0.0
0.09
0.09
0.1
0.1
0.11
0.11
0.11
0.11
0.1
0.1
0.1
0.09
0.09
0.09
0.08
0.08
0.08
0.021666666666666667
0.021666666666666667
0.013333333333333334
0.011666666666666667
0.07
0.05
0.05
0.008333333333333333
0.008333333333333333
0.04
0.03
0.005
0.005
0.005
0.005
0.0033333333333333335
0.0033333333333333335
0.0033333333333333335
0.0016666666666666668
0.0033333333333333335
0.0016666666666666668
0.0016666666666666668
0.0016666666666666668
-0.0033333333333333335
0.006666666666666667
0.0033333333333333335
0.0033333333333333335
0.0
0.0
0.0
-0.0016666666666666668
-0.005
-0.005
-0.005
-0.0016666666666666668
-0.0016666666666666668
-0.0033333333333333335
-0.0033333333333333335
-0.006666666666666667
-0.008333333333333333
-0.05
-0.05
-0.07
-0.06
-0.09
-0.09
-0.09
-0.09
-0.1
-0.1
-0.11
-0.1
-0.1
-0.07
-0.07
-0.06
-0.06
-0.06
-0.05
-0.05
-0.03
-0.03
-0.06
0.25
0.11
0.14
0.15
0.19
0.2
0.26
0.27
0.15
0.16
0.18
0.19
0.22
0.24
0.27
0.11666666666666667
0.08666666666666667
0.09
0.57
0.61
0.63
0.68
0.45
0.49
0.51
0.53
0.52
0.51
0.48
0.46
0.68
0.67
0.64
0.61
0.59
0.57
0.3
0.28
0.24
0.19
0.16
0.1
0.06
0.2
0.19
0.19
0.2
0.2
0.24
0.06
0.11
0.021666666666666667
0.18
0.19
0.23
0.25
0.19
0.6
0.11166666666666666
0.73
0.77
0.84
0.87
0.59
0.6
0.62
0.62
0.6
0.6
0.58
0.56
0.55
0.54
0.5
0.47
0.83
0.81
0.77
0.75
0.73
0.71
0.68
0.67
0.65
0.37
0.34
0.33
0.29
0.27
0.24
0.19
0.19
0.18
0.43
0.44
0.44
0.07833333333333334
0.08
0.085
0.53
0.04833333333333333
0.3
0.31
0.32
0.36
0.39
0.44
0.38
0.84
0.85
0.9
0.9
0.9
0.64
0.65
0.64
0.62
0.54
0.51
0.33
0.7
0.46
0.06166666666666667
0.32
0.04
0.035
0.023333333333333334
0.018333333333333333
-0.0016666666666666668
-0.0033333333333333335
-0.008333333333333333
-0.01
-0.013333333333333334
-0.013333333333333334
-0.013333333333333334
-0.016666666666666666
-0.01
-0.01
-0.01
-0.011666666666666667
-0.011666666666666667
-0.01
-0.01
-0.06
-0.06
-0.06
-0.05
-0.04
-0.09
-0.05
-0.03
-0.03
0.0
0.0
0.0
0.01
0.0033333333333333335
0.006666666666666667
0.05
0.011666666666666667
-0.01
0.021666666666666667
0.14
0.02666666666666667
0.028333333333333332
0.15
0.028333333333333332
0.028333333333333332
0.03166666666666667
0.19
0.2
0.2
0.03333333333333333
0.03166666666666667
0.03166666666666667
0.02666666666666667
0.025
0.13
0.11
0.08
-0.01
0.04
0.04
0.02
0.02
0.0
0.0
-0.02
-0.03
-0.04
-0.02
-0.015
-0.1
-0.11
-0.13
-0.13
-0.11
-0.018333333333333333
-0.018333333333333333
-0.018333333333333333
-0.018333333333333333
-0.025
-0.013333333333333334
-0.008333333333333333
-0.006666666666666667
-0.006666666666666667
-0.0033333333333333335
-0.02
-0.01
0.0
0.01
0.01
0.04
0.01
0.07
0.06
0.015
0.09
0.1
0.11
0.15
0.16
0.17
0.03
0.16
0.02666666666666667
0.02666666666666667
0.025
0.023333333333333334
0.02
0.021666666666666667
0.021666666666666667
0.018333333333333333
0.016666666666666666
0.015
0.013333333333333334
0.011666666666666667
0.011666666666666667
0.008333333333333333
0.006666666666666667
0.006666666666666667
0.006666666666666667
0.006666666666666667
-0.07
0.0
-0.01
-0.01
-0.02
-0.04
-0.04
-0.04
-0.03
-0.04
-0.04
-0.05
-0.05
-0.06
-0.07
0.03
-0.03
-0.01
0.02
0.04
0.07
0.11
0.04
0.06
0.08
0.1
0.12
0.14
0.18
0.2
0.16
0.42
0.48
0.51
0.56
0.62
0.64
0.44
0.45
0.45
0.45
0.44
0.42
0.39
0.32
0.57
0.54
0.52
0.5
0.23
0.18
0.18
0.16
0.33
0.32
0.3
0.29
0.29
0.31
0.32
0.13
0.023333333333333334
0.025
0.028333333333333332
0.18
0.19
0.2
0.22
0.2
0.54
0.10333333333333333
0.65
0.75
0.79
0.52
0.57
0.6
0.65
0.67
0.66
0.64
0.56
0.9
0.165
0.16
0.15833333333333333
0.9
0.9
0.14666666666666667
0.09333333333333334
0.09166666666666666
0.095
0.09666666666666666
0.1
0.09666666666666666
0.09333333333333334
0.58
0.61
0.54
0.9
0.9
0.9
0.9
0.9
0.9
0.9
0.87
0.85
0.81
0.79
0.76
0.73
0.72
0.11333333333333333
0.10833333333333334
0.16
0.9
0.88
0.82
0.81
0.77
0.77
0.8
0.51
0.49
0.44
0.42
0.38
0.34
0.32
0.28
0.26
0.37
0.34
0.26
0.2
0.17
0.14
0.13
0.02
-0.01
-0.03
-0.07
-0.1
-0.11
-0.13
-0.16
-0.09
-0.09
-0.08
-0.04
-0.03
-0.05
-0.01
0.02
0.07
0.09
0.14
0.17
0.2
0.04
0.03666666666666667
0.49
0.55
0.59
0.63
0.66
0.69
0.71
0.48
0.48
0.47
0.46
0.43
0.43
0.39
0.38
0.31
0.54
0.52
0.5
0.48
0.47
0.45
0.23
0.21
0.19
0.18
0.16
0.14
0.02
0.31
0.32
0.34
0.38
0.42
0.2
0.25
0.28
0.32
0.35
0.38
0.065
0.05333333333333334
0.12333333333333334
0.12833333333333333
0.13166666666666665
0.13833333333333334
0.14166666666666666
0.14833333333333334
0.10166666666666667
0.105
0.11333333333333333
0.12333333333333334
0.12833333333333333
0.83
0.86
0.9
0.9
0.9
0.9
0.9
0.9
0.9
0.9
0.9
0.9
0.9
0.9
0.9
0.9
0.9
0.9
0.9
0.9
0.9
0.9
0.9
0.225
0.9
0.9
0.205
0.9
0.9
0.84
0.83
0.81
0.76
0.75
0.74
0.11333333333333333
0.65
0.07833333333333334
0.14833333333333334
0.84
0.78
0.75
0.7
0.66
0.41
0.44
0.46
0.43
0.38
0.35
0.18
0.51
0.5
0.49
0.47
0.46
0.44
0.21
0.23
0.22
0.03666666666666667
0.03666666666666667
0.22
0.2
0.09
0.43
0.45
0.49
0.52
0.6
0.105
0.065
0.07
0.07333333333333333
0.075
0.45
0.44
0.46
0.45
0.37
0.9
0.9
0.9
0.49
0.52
0.72
0.72
0.73
0.72
0.68
0.64
0.61
0.59
0.57
0.48
0.81
0.8
0.76
0.74
0.7
0.37
0.34
0.3
0.28
0.23
0.18
0.14
0.01
0.23
0.19
0.18
0.16
-0.09
0.14
0.03
0.04
0.05
0.05
0.06
0.07
0.03
0.2
0.22
0.23
0.24
0.25
0.26
0.26
0.2
0.2
0.2
0.19
0.18
0.16
0.16
0.13
0.05
0.09
0.06
0.0
-0.06
-0.09
-0.07
-0.1
-0.14
-0.16
-0.21
-0.23
-0.25
-0.5
-0.43
-0.45
-0.47
-0.48
-0.48
-0.48
-0.47
-0.45
-0.26
-0.24
-0.21
-0.19
-0.13
-0.09
-0.07
-0.04
-0.03
-0.02
-0.02
-0.23
-0.14
-0.16
-0.17
-0.18
-0.2
-0.22
-0.22
-0.25
-0.09
-0.09
-0.11
-0.12
-0.14
-0.14
-0.14
-0.16
-0.17
-0.2
-0.54
-0.44
-0.45
-0.5
-0.52
-0.56
-0.59
-0.59
-0.33
-0.33
-0.3
-0.29
-0.25
-0.21
-0.18
-0.15
-0.13
-0.12
-0.3
-0.29
-0.28
-0.28
-0.28
-0.3
-0.32
-0.33
-0.15
-0.15
-0.16
-0.16
-0.16
-0.17
-0.18
-0.19
-0.21
-0.42
-0.46
-0.47
-0.49
-0.5
-0.53
-0.55
-0.34
-0.34
-0.32
-0.31
-0.28
-0.28
-0.23
-0.22
-0.19
-0.51
-0.4
-0.35
-0.35
-0.35
-0.36
-0.37
-0.36
-0.15
-0.14
-0.12
-0.1
-0.08
-0.06
-0.06
-0.05
-0.22
-0.22
-0.26
-0.27
-0.31
-0.35
-0.37
-0.19
-0.21
-0.22
-0.24
-0.24
-0.26
-0.26
-0.26
-0.63
-0.53
-0.5
-0.52
-0.54
-0.56
-0.56
-0.56
-0.3
-0.04666666666666667
-0.04
-0.03166666666666667
-0.02666666666666667
-0.14
-0.12
-0.08
-0.09
-0.1
-0.31
-0.33
-0.06166666666666667
-0.41
-0.43
-0.48
-0.52
-0.3
-0.32
-0.33
-0.36
-0.35
-0.34
-0.32
-0.3
-0.28
-0.48
-0.46
-0.46
-0.44
-0.44
-0.42
-0.41
-0.4
-0.18
-0.15
-0.14
-0.12
-0.1
-0.08
-0.06
-0.05
-0.04
-0.04
-0.35
-0.25
-0.26
-0.29
-0.055
-0.058333333333333334
-0.07
-0.07166666666666667
-0.03833333333333333
-0.041666666666666664
-0.041666666666666664
-0.043333333333333335
-0.04833333333333333
-0.051666666666666666
-0.06333333333333334
-0.12
-0.12
-0.13
-0.13833333333333334
-0.89
-0.9
-0.9
-0.9
-0.9
-0.9
-0.9
-0.9
-0.9
-0.9
-0.9
-0.75
-0.72
-0.68
-0.89
-0.87
-0.82
-0.77
-0.75
-0.69
-0.65
-0.59
-0.56
-0.5
-0.42
-0.37
-0.28
-0.04
0.0
0.06
0.09
0.15
0.2
0.22
0.23
0.23
0.22
0.06
0.03
-0.05
-0.09
-0.19
-0.3
-0.15
-0.22
-0.29
-0.31
-0.37
-0.39
-0.43
-0.45
-0.47
-0.48
-0.77
-0.74
-0.74
-0.74
-0.73
-0.73
-0.7
-0.68
-0.64
-0.49
-0.54
-0.26
-0.23
-0.16
-0.09
-0.07
-0.02
0.01
0.07
0.09
0.1
0.05
-0.16
-0.08
-0.1
-0.15
-0.2
-0.24
-0.3
-0.13
-0.18
-0.22
-0.25
-0.26
-0.29
-0.28
-0.3
-0.6
-0.57
-0.6
-0.6
-0.62
-0.62
-0.64
-0.62
-0.6
-0.32
-0.28
-0.25
-0.2
-0.17
-0.13
-0.11
-0.07
-0.07
-0.07
-0.41
-0.41
-0.29
-0.31
-0.32
-0.36
-0.37
-0.39
-0.39
-0.18
-0.17
-0.17
-0.17
-0.17
-0.16
-0.15
-0.15
-0.17
-0.2
-0.39
-0.4
-0.41
-0.42
-0.44
-0.46
-0.48
-0.48
-0.28
-0.045
-0.045
-0.043333333333333335
-0.041666666666666664
-0.041666666666666664
-0.03833333333333333
-0.03666666666666667
-0.043333333333333335
-0.07
-0.44
-0.07833333333333334
-0.08166666666666667
-0.08666666666666667
-0.08833333333333333
-0.095
-0.07333333333333333
-0.07333333333333333
-0.07
-0.07
-0.07166666666666667
-0.07333333333333333
-0.07333333333333333
-0.075
-0.07666666666666666
-0.10166666666666667
-0.62
-0.62
-0.72
-0.62
-0.62
-0.105
-0.105
-0.10333333333333333
-0.09
-0.08166666666666667
-0.065
-0.05333333333333334
-0.03833333333333333
-0.03166666666666667
-0.023333333333333334
-0.016666666666666666
-0.013333333333333334
-0.008333333333333333
-0.005
-0.0016666666666666668
0.0016666666666666668
0.006666666666666667
0.013333333333333334
0.08
0.12
0.12
0.035
0.22
0.26
0.29
0.051666666666666666
0.26
0.28
0.29
0.29
0.29
0.045
0.29
0.4
0.32
0.28
0.27
0.22
0.035
0.14
0.11
0.013333333333333334
0.0033333333333333335
0.0
-0.01
-0.013333333333333334
-0.02
-0.03
-0.03166666666666667
-0.03833333333333333
-0.04
-0.043333333333333335
-0.04666666666666667
-0.051666666666666666
-0.04
-0.043333333333333335
-0.045
-0.04833333333333333
-0.051666666666666666
-0.051666666666666666
-0.055
-0.06
-0.22166666666666668
-0.22333333333333333
-0.22333333333333333
-0.07666666666666666
-0.07666666666666666
-0.06833333333333333
-0.07833333333333334
-0.09166666666666666
-0.09166666666666666
-0.06833333333333333
-0.06833333333333333
-0.085
-0.35
-0.31
-0.3
-0.28
-0.26
-0.25
-0.23
-0.21
-0.19
-0.13
-0.16
0.0
0.04
0.14
0.21
0.26
0.21
0.25
0.31
0.33
0.37
0.37
0.39
0.39
0.4
0.39
0.39
0.61
0.61
0.61
0.61
0.61
0.61
0.4
0.39
0.35
0.3
0.28
0.23
0.22
0.33
0.3
0.27
0.26
0.24
0.23
0.23
0.08
0.09
0.09
0.09
0.1
0.1
0.12
0.055
0.058333333333333334
0.4
0.43
0.49
0.53
0.33
0.39
0.41
0.45
0.47
0.47
0.48
0.41
0.82
0.83
0.78
0.84
0.84
0.53
0.54
0.53
0.49
0.48
0.47
0.45
0.43
0.29
0.63
0.6
0.57
0.55
0.55
0.52
0.27
0.26
0.25
0.22
0.21
0.19
0.18
0.13
0.42
0.42
0.49
0.48
0.52
0.56
0.32
0.34
0.36
0.36
0.36
0.37
0.34
0.24
0.7
0.7
0.71
0.74
0.43
0.44
0.46
0.48
0.47
0.45
0.38
0.73
0.71
0.71
0.69
0.69
0.4
0.4
0.38
0.35
0.33
0.3
0.3
0.28
0.28
0.24
0.54
0.54
0.54
0.55
0.57
0.57
0.32
0.34
0.34
0.34
0.34
0.33
0.05333333333333334
0.051666666666666666
0.26
0.59
0.6
0.6
0.61
0.67
0.7
0.46
0.47
0.46
0.46
0.45
0.44
0.07166666666666667
0.06833333333333333
0.056666666666666664
0.115
0.11166666666666666
0.66
0.65
0.69
0.71
0.48
0.55
0.58
0.63
0.63
0.61
0.9
0.9
0.87
0.82
0.81
0.77
0.51
0.48
0.41
0.39
0.31
0.22
0.18
0.023333333333333334
0.12
0.1
0.0
-0.006666666666666667
0.14
0.02
0.02
0.12
0.12
0.12
0.12
0.12
0.06
0.06
0.08
0.08
0.08
0.015
0.09
0.22
0.15
0.14
0.14
0.14
0.13
0.015
0.015
0.013333333333333334
0.01
0.006666666666666667
0.005
0.0033333333333333335
0.0
0.0
0.011666666666666667
0.0033333333333333335
0.0033333333333333335
0.0033333333333333335
0.0016666666666666668
0.0033333333333333335
0.0033333333333333335
-0.0016666666666666668
-0.0016666666666666668
-0.0016666666666666668
-0.0016666666666666668
-0.0016666666666666668
-0.0033333333333333335
-0.0033333333333333335
-0.011666666666666667
-0.005
-0.005
-0.0033333333333333335
-0.0033333333333333335
-0.0033333333333333335
-0.0033333333333333335
-0.04
-0.04
-0.03
-0.04
-0.04
-0.05
-0.05
-0.01
-0.07
-0.05
-0.04
-0.03
-0.01
-0.04
-0.04
0.0
0.02
0.05
0.09
0.1
0.03
-0.3
0.37
0.43
0.46
0.53
0.59
0.43
0.52
0.61
0.63
0.62
0.9
0.83
-0.13
-0.14
-0.14
-0.16
0.43
0.36
0.28
0.24
0.28
0.36
0.41
0.5
0.52
0.55
0.59
0.61
0.65
0.66
0.67
0.67
0.67
0.65
0.63
0.6
0.56
0.52
0.46
0.4
0.36
0.28
0.041666666666666664
0.03
0.016666666666666666
0.011666666666666667
0.0016666666666666668
-0.005
-0.008333333333333333
-0.011666666666666667
-0.013333333333333334
-0.013333333333333334
-0.013333333333333334
-0.013333333333333334
-0.013333333333333334
-0.013333333333333334
-0.013333333333333334
-0.008333333333333333
-0.006666666666666667
-0.005
-0.005
-0.0033333333333333335
-0.0033333333333333335
-0.0033333333333333335
-0.0016666666666666668
-0.02
-0.0033333333333333335
0.0
0.0
0.0
0.0
0.0016666666666666668
0.0016666666666666668
0.005
0.005
0.005
0.005
0.006666666666666667
0.008333333333333333
0.01
0.01
0.01
0.07
0.013333333333333334
0.08
0.09
0.09
0.12
0.12
0.021666666666666667
0.021666666666666667
0.021666666666666667
0.023333333333333334
0.023333333333333334
0.023333333333333334
0.023333333333333334
0.14
0.023333333333333334
0.15
-0.65
-0.65
-0.65
-0.63
-0.64
-0.64
-0.65
-0.65
-0.61
-0.55
-0.52
0.48
0.54
0.66
0.77
0.82
0.9
0.9
0.9
0.9
0.9
0.9
0.9
0.9
0.89
0.83
0.8
0.73
0.66
0.63
0.55
0.5
0.39
0.26
0.14
0.018333333333333333
0.04
0.005
0.0016666666666666668
-0.01
-0.005
-0.08
-0.018333333333333333
-0.025
-0.17
-0.03166666666666667
-0.035
-0.03833333333333333
-0.041666666666666664
-0.043333333333333335
-0.04666666666666667
-0.04666666666666667
-0.04666666666666667
-0.05
-0.05
-0.05
-0.051666666666666666
-0.05333333333333334
-0.05333333333333334
-0.055
-0.055
-0.058333333333333334
-0.058333333333333334
-0.058333333333333334
-0.06166666666666667
-0.06
-0.06
-0.06
-0.06166666666666667
-0.06166666666666667
-0.065
-0.065
-0.06333333333333334
-0.06333333333333334
-0.06333333333333334
-0.065
-0.065
-0.39
-0.39
-0.39
-0.39
-0.39
-0.39
-0.39
-0.39
-0.39
-0.39
-0.39
-0.39
-0.39
-0.39
-0.4
-0.4
-0.4
-0.4
-0.4
-0.4
-0.4
-0.4
-0.4
-0.4
-0.4
-0.4
-0.4
-0.4
-0.4
-0.4
-0.4
-0.4
-0.4
-0.4
-0.4
-0.4
-0.4
-0.4
-0.4
-0.4
-0.4
-0.4
-0.4
-0.4
-0.4
-0.4
-0.4
-0.4
-0.4
-0.4
-0.4
-0.4
-0.4
-0.4
-0.4
-0.4
-0.4
-0.4
-0.4
-0.4
-0.4
-0.4
-0.4
-0.4
-0.4
-0.4
-0.4
-0.4
-0.4
-0.4
-0.4
-0.4
-0.4
-0.4
-0.4
-0.4
-0.4
-0.4
-0.4
-0.4
-0.4
-0.4
-0.4
-0.4
-0.4
-0.4
-0.4
-0.4
-0.4
-0.4
-0.4
-0.4
