0.02
0.021666666666666667
0.14
0.023333333333333334
0.023333333333333334
0.1
0.011666666666666667
0.005
-0.0016666666666666668
-0.006666666666666667
-0.78
-0.81
-0.85
-0.9
-0.9
-0.9
-0.9
-0.9
-0.82
-0.16833333333333333
0.9
0.9
0.9
-0.2783333333333333
-0.28
-0.2866666666666667
-0.2916666666666667
-0.295
-0.29833333333333334
-0.9
-0.29833333333333334
-0.295
-0.295
-0.29333333333333333
-0.29333333333333333
-0.295
-0.28833333333333333
0.9
0.9
-0.9
-0.20833333333333334
-0.2
-0.13333333333333333
-0.115
-0.09
-0.07333333333333333
-0.06333333333333334
-0.04666666666666667
-0.043333333333333335
-0.043333333333333335
-0.043333333333333335
-0.041666666666666664
-0.04
-0.03833333333333333
-0.03
-0.023333333333333334
-0.02
-0.018333333333333333
-0.021666666666666667
-0.018333333333333333
-0.018333333333333333
-0.018333333333333333
-0.02
-0.02
-0.02
-0.016666666666666666
-0.011666666666666667
0.005
0.005
0.005
0.005
0.005
0.0033333333333333335
-0.01
-0.01
-0.01
-0.01
-0.01
-0.01
-0.01
-0.01
-0.01
-0.01
-0.01
-0.01
-0.01
-0.01
-0.01
-0.01
0.005
0.0033333333333333335
-0.01
-0.01
-0.01
-0.01
-0.01
-0.01
0.005
-0.01
-0.01
-0.01
-0.01
-0.01
0.0033333333333333335
-0.01
-0.01
-0.01
-0.01
0.0033333333333333335
-0.01
-0.01
-0.011666666666666667
-0.011666666666666667
-0.008333333333333333
-0.006666666666666667
-0.006666666666666667
-0.008333333333333333
-0.005
-0.0016666666666666668
-0.0016666666666666668
0.0016666666666666668
0.005
0.006666666666666667
0.07
0.09
0.12
0.18
0.2
-0.59
0.043333333333333335
0.05
-0.56
-0.55
-0.55
-0.54
-0.52
-0.45
-0.42
0.57
0.75
0.87
0.9
0.9
0.9
0.9
0.9
0.9
0.9
0.9
0.9
0.9
0.9
0.9
0.9
0.82
0.63
0.53
0.32
0.13
0.03
-0.028333333333333332
-0.06666666666666667
-0.08833333333333333
-0.12666666666666668
-0.19833333333333333
-0.9
-0.9
-0.9
0.9
0.9
-0.9
-0.9
-0.9
-0.9
0.9
0.9
0.9
0.9
0.9
-0.9
-0.9
-0.9
-0.9
-0.9
0.9
-0.9
-0.9
-0.9
-0.9
0.9
0.9
-0.9
-0.9
-0.9
-0.9
-0.62
-0.49
-0.44
-0.42
-0.3
-0.19
0.04
0.043333333333333335
0.48
0.58
0.9
0.9
0.9
0.9
0.9
0.9
0.9
0.9
0.9
0.9
0.9
0.9
0.9
0.9
0.9
0.9
0.9
0.9
0.9
0.9
0.9
0.9
0.9
0.9
0.9
0.9
0.9
0.9
0.9
0.9
0.87
0.74
0.61
0.54
0.38
0.24
0.16
0.03
-0.1
-0.15
-0.23
-0.27
-0.3
-0.055
-0.051666666666666666
-0.27
-0.24
-0.14
-0.04
0.03
0.15
0.043333333333333335
0.33
0.51
0.59
0.73
0.79
0.88
0.9
0.9
0.9
0.9
0.9
0.87
0.84
0.74
0.67
0.52
0.45
0.3
0.19
0.12
-0.02
-0.1
-0.04
-0.06
-0.06833333333333333
-0.08333333333333333
-0.08833333333333333
-0.58
-0.61
-0.64
-0.66
-0.76
-0.77
-0.79
-0.65
-0.09
-0.08
-0.058333333333333334
-0.04666666666666667
-0.02
0.0
0.05
0.12
0.09
0.29
0.35
0.37
0.43
0.39
0.42
0.46
0.46
0.44
0.55
0.44
0.34
0.04833333333333333
0.16
0.006666666666666667
-0.005
-0.03333333333333333
-0.06166666666666667
-0.09166666666666666
-0.63
-0.12166666666666667
-0.13333333333333333
-0.11666666666666667
-0.12666666666666668
-0.13
-0.17
-0.16333333333333333
-0.89
-0.14166666666666666
-0.14
-0.135
-0.13166666666666665
-0.10833333333333334
-0.10333333333333333
-0.095
-0.065
-0.05
-0.041666666666666664
-0.025
-0.018333333333333333
-0.05
-0.02
0.01
0.12
0.15
0.29
0.34
0.41
0.38
0.07166666666666667
0.47
0.49
0.73
0.58
0.56
0.48
0.36
0.33
0.25
0.2
0.05
-0.028333333333333332
-0.045
-0.07333333333333333
-0.08666666666666667
-0.65
-0.105
-0.11166666666666666
-0.12166666666666667
-0.125
-0.16166666666666665
-0.16833333333333333
-0.16
-0.15
-0.14666666666666667
-0.14666666666666667
-0.87
-0.125
-0.12333333333333334
-0.12333333333333334
-0.12
-0.11666666666666667
-0.11333333333333333
-0.11166666666666666
-0.095
-0.07666666666666666
-0.065
-0.06
-0.04666666666666667
-0.041666666666666664
-0.03
-0.02
-0.025
0.02
0.011666666666666667
0.025
0.03
0.035
0.28
0.28
0.49
0.55
0.58
0.54
0.58
0.59
0.57
0.63
0.48
0.39
0.18
0.1
-0.1
-0.07166666666666667
-0.57
-0.14
-0.16166666666666665
-0.29333333333333333
-0.23166666666666666
-0.9
-0.9
-0.9
-0.9
-0.9
-0.9
-0.9
-0.3016666666666667
-0.9
-0.27666666666666667
-0.13
-0.09333333333333334
-0.058333333333333334
-0.045
0.013333333333333334
0.011666666666666667
0.31
0.5
0.58
0.09166666666666666
0.10166666666666667
0.72
0.81
0.9
0.9
0.9
0.9
0.76
0.75
0.61
0.5
0.3
0.14
-0.01
-0.25
-0.38
-0.62
-0.67
-0.72
-0.82
-0.9
-0.9
-0.9
-0.84
-0.8
-0.76
-0.61
-0.42
-0.32
-0.1
0.01
0.26
0.35
0.47
0.75
0.14333333333333334
0.17666666666666667
0.9
0.9
0.9
0.9
0.9
0.9
0.9
0.9
0.9
0.9
0.9
0.9
0.9
0.9
0.9
0.9
0.9
0.9
0.9
0.9
0.9
0.9
0.64
0.57
0.43
0.36
0.2
0.19
0.09
-0.09
-0.26
-0.36
-0.42
-0.49
-0.49
-0.46
-0.06666666666666667
-0.056666666666666664
-0.041666666666666664
-0.13
0.13
0.29
0.45
0.9
0.9
0.9
0.9
0.9
0.9
0.9
0.9
0.9
0.9
0.9
0.9
0.9
0.9
0.9
0.9
0.9
0.9
0.9
0.9
0.9
0.79
0.58
0.5
0.37
0.09
-0.04
-0.051666666666666666
-0.07
-0.08166666666666667
-0.09833333333333333
-0.12833333333333333
-0.205
-0.215
-0.215
-0.22833333333333333
-0.23
-0.235
-0.9
-0.9
-0.9
0.9
0.9
0.9
0.9
0.9
-0.225
-0.19666666666666666
-0.175
-0.17833333333333334
-0.3
-0.23833333333333334
0.9
-0.32166666666666666
-0.9
-0.9
-0.9
-0.37
-0.37
-0.37
-0.37
-0.37
-0.9
-0.9
-0.22333333333333333
-0.22166666666666668
-0.21833333333333332
-0.21333333333333335
-0.20666666666666667
-0.2866666666666667
-0.27
-0.26166666666666666
-0.125
-0.10666666666666667
-0.10333333333333333
-0.08833333333333333
-0.08
-0.06
-0.04
-0.19
-0.013333333333333334
-0.0033333333333333335
-0.01
0.015
0.14
0.22
0.22
0.54
0.58
0.67
0.71
0.6
0.66
0.67
0.65
0.59
0.72
0.64
0.44
0.35
0.16
0.07
-0.1
-0.28
-0.37
-0.10333333333333333
-0.11666666666666667
-0.14
-0.15833333333333333
-0.165
-0.26666666666666666
-0.265
-0.16666666666666666
-0.16666666666666666
-0.16666666666666666
-0.15666666666666668
-0.15666666666666668
-0.9
-0.15
-0.14333333333333334
-0.13666666666666666
-0.115
-0.11
-0.10666666666666667
-0.095
-0.07
-0.05
-0.03833333333333333
-0.021666666666666667
-0.013333333333333334
-0.005
0.04
0.08
0.15
0.19
0.35
0.43
0.46
0.41
0.44
0.49
0.49
0.49
0.78
0.59
0.53
0.51
0.31
0.28
0.22
0.18
0.16
0.03
-0.04
-0.23
-0.27
-0.3
-0.33
-0.24
-0.2
-0.16
-0.15
0.02
0.018333333333333333
0.32
0.06
0.16833333333333333
0.9
0.9
0.9
0.9
0.9
0.9
0.9
0.0
0.0
0.0
0.0
0.0
0.9
0.9
0.9
0.0
-0.9
-0.9
-0.9
0.9
0.9
-0.9
-0.9
-0.9
-0.9
-0.9
0.9
0.9
0.9
-0.09
0.0
0.9
0.9
0.9
0.9
0.9
0.9
0.9
0.9
0.9
0.9
0.9
0.9
0.9
0.9
0.9
0.9
0.9
0.9
0.9
0.9
0.9
0.9
0.9
0.9
0.9
0.9
0.9
0.9
0.9
0.9
0.9
0.9
0.9
0.9
0.9
0.9
0.9
0.9
0.9
0.9
0.9
0.9
0.9
0.9
0.9
0.9
0.9
0.9
0.9
0.78
0.64
0.32
-0.03
-0.035
-0.09333333333333334
-0.125
-0.9
-0.9
-0.9
-0.9
-0.9
-0.9
0.0
0.9
0.9
0.9
0.9
0.87
0.57
0.42
0.18
0.0
-0.05
-0.11
-0.14
-0.14
-0.14
-0.12
-0.12
-0.12
-0.12
-0.12
-0.12
-0.12
-0.12
-0.11
-0.11
-0.1
-0.1
-0.1
-0.1
-0.1
-0.1
-0.1
-0.06
-0.03
-0.01
0.01
0.04
0.08
0.013333333333333334
0.11
0.17
0.23
0.26
0.085
0.61
0.66
0.75
0.55
0.62
0.69
0.72
0.9
0.9
0.9
0.64
0.57
0.52
0.43
0.52
0.43
0.31
0.26
-0.01
-0.1
-0.13
-0.22
-0.16
-0.19
-0.32
-0.28
-0.22
-0.1
0.32
0.44
0.11666666666666667
0.66
0.81
0.9
0.9
0.9
0.9
0.9
0.9
0.9
0.9
0.9
0.9
0.9
0.9
0.9
0.9
0.9
0.9
0.9
0.9
0.9
0.9
0.9
0.9
0.9
0.9
0.55
0.48
0.33
0.16
0.23
0.03
-0.055
-0.051666666666666666
-0.07166666666666667
-0.09
-0.095
-0.09333333333333334
-0.09166666666666666
-0.08333333333333333
-0.08
-0.39
-0.34
-0.1
0.03
0.1
0.08
0.14
0.31
0.72
0.84
0.9
0.9
0.9
0.9
0.9
0.9
0.9
0.85
0.62
0.5
0.29
0.03
-0.08
-0.29
-0.4
-0.89
-0.9
-0.9
-0.9
-0.9
-0.9
0.9
-0.9
-0.9
-0.9
-0.9
-0.9
-0.9
-0.9
-0.9
-0.9
-0.9
-0.9
-0.76
-0.59
-0.53
-0.25
-0.17
0.03
0.2
0.36
0.39
-0.1
-0.05
-0.04
-0.03
0.77
0.67
0.62
0.52
0.43
0.3
0.23
0.17
0.08
-0.19
-0.35
-0.68
-0.9
-0.9
0.72
0.9
0.16
0.05
-0.05
-0.03
-0.01
0.01
0.0
0.9
0.9
0.9
0.9
0.9
0.9
0.9
0.9
0.9
0.9
0.9
0.9
0.9
0.9
0.9
0.9
0.9
0.9
0.9
0.9
0.9
0.9
0.9
0.9
0.9
0.9
0.9
0.9
0.9
0.9
-0.9
0.9
-0.9
-0.62
-0.62
-0.62
-0.61
-0.63
-0.63
-0.64
-0.62
-0.62
-0.62
-0.62
-0.63
-0.63
-0.62
-0.62
-0.63
-0.63
-0.63
-0.63
-0.63
-0.63
-0.63
-0.63
-0.58
-0.54
-0.43
-0.36
-0.21
-0.12
0.04
0.22
0.29
0.44
0.57
0.64
0.68
0.71
0.71
0.76
0.66
0.59
0.44
0.37
0.27
0.07
-0.04
-0.23
-0.4
-0.48
-0.9
-0.9
-0.9
-0.9
-0.9
-0.9
-0.9
-0.9
-0.9
-0.9
-0.78
-0.72
-0.67
-0.10833333333333334
-0.09666666666666666
-0.08333333333333333
-0.075
-0.35
-0.29
-0.45
-0.24
-0.23
-0.24
-0.09
-0.09
-0.06
-0.02
0.0
-0.18
-0.09
-0.09
-0.11
-0.01
-0.04
-0.11
-0.16
-0.18
-0.07666666666666666
-0.09
-0.09833333333333333
-0.12
-0.09666666666666666
-0.10666666666666667
-0.125
-0.21666666666666667
-0.9
-0.9
-0.9
-0.9
-0.9
0.9
0.41
0.37
0.4
0.9
0.9
-0.9
-0.9
-0.9
0.38
0.26
0.17
0.0
0.66
0.64
0.63
0.10833333333333334
0.10166666666666667
0.08666666666666667
0.07833333333333334
0.36
0.9
0.9
-0.46
-0.64
-0.7
-0.82
-0.86
-0.9
-0.9
-0.9
-0.9
-0.9
-0.9
-0.9
-0.9
-0.84
-0.46
0.9
0.6
-0.13
0.29
-0.9
-0.88
-0.84
-0.81
-0.84
-0.84
-0.84
-0.82
-0.82
-0.84
-0.85
-0.85
-0.85
-0.85
-0.84
-0.84
-0.81
-0.78
-0.77
-0.74
-0.65
-0.53
-0.49
-0.41
-0.34
-0.18
-0.01
0.07
0.21
0.33
0.4
0.5
0.61
0.63
0.68
0.68
0.65
0.62
0.56
0.41
0.29
0.07
-0.02
-0.09
-0.28
-0.38
-0.56
-0.63
-0.76
-0.9
-0.9
-0.9
-0.9
-0.9
-0.9
-0.9
-0.9
-0.79
-0.74
-0.65
-0.59
-0.47
-0.36
-0.3
-0.26
-0.22
-0.16
-0.01
0.13
0.21
0.29
0.4
0.46
0.5
0.5
0.45
0.21
0.15
-0.05
-0.17
-0.19
-0.31
-0.53
-0.74
-0.9
-0.9
-0.9
-0.9
0.72
0.72
0.72
-0.9
-0.9
-0.9
-0.9
-0.9
-0.9
-0.9
0.39
0.32
0.35
-0.9
0.9
0.9
0.9
0.9
0.9
0.9
-0.9
-0.9
0.26
0.06
0.0
0.9
0.9
0.9
0.9
0.9
0.9
0.9
0.9
0.9
0.9
0.9
0.9
0.9
0.9
0.9
0.9
0.9
0.9
0.9
0.9
0.9
0.9
0.9
0.9
0.9
0.9
0.9
0.9
0.9
0.9
0.9
0.9
0.9
0.9
0.9
0.9
0.9
0.9
0.9
0.0
0.2
-0.22166666666666668
-0.205
-0.16
-0.15
-0.14666666666666667
-0.14333333333333334
-0.14
-0.13166666666666665
-0.115
-0.10833333333333334
-0.09333333333333334
-0.09
-0.085
-0.08666666666666667
-0.08666666666666667
-0.07666666666666666
-0.065
-0.035
-0.023333333333333334
-0.025
-0.025
-0.025
-0.025
-0.025
-0.025
-0.025
-0.025
-0.025
-0.025
-0.025
-0.021666666666666667
-0.023333333333333334
-0.023333333333333334
-0.023333333333333334
-0.023333333333333334
-0.025
-0.02666666666666667
-0.02666666666666667
-0.02666666666666667
-0.02666666666666667
-0.02666666666666667
-0.02666666666666667
